free_thresh: 0.196
image: kd_0420_v1.pgm
mode: trinary
negate: 0
occupied_thresh: 0.65
origin: [-7.222668, -16.317878, 0]
resolution: 0.05
