description: Slope (tan of angle)
file: slope_map.bin
width: 287
height: 479
resolution: 0.05
origin: [-2.42594, -4.79433, 0.0]
dtype: float32
nan_value: NaN (no data)
stats:
  min: 0.000111273
  max: 4.16953
  mean: 0.0446909
  valid_cells: 106472
  max_deg: 76.5132
