n_sectors: 2
Static_Obs_sector0:
  start: 0
  end: 225
  s_start: 0.0
  s_end: 22.47906972299521
  name: sector_1
  static_obs_section: false
Static_Obs_sector1:
  start: 225
  end: 639
  s_start: 22.47906972299521
  s_end: 63.84055801330643
  name: sector_2
  static_obs_section: false
